3 5.4 3.9 1.7 0.4
7 4.8 3.4 1.6 0.2
8 5.1 2.5 3.0 1.1
10 4.8 3.1 1.6 0.2
11 4.7 3.2 1.3 0.2
16 5.0 3.2 1.2 0.2
18 4.5 2.3 1.3 0.3
24 5.7 3.8 1.7 0.3
26 5.5 3.5 1.3 0.2
41 4.9 3.6 1.4 0.1
43 4.3 3.0 1.1 0.1
52 5.0 3.5 1.3 0.3
60 5.7 4.4 1.5 0.4
63 5.0 3.4 1.5 0.2
66 4.9 2.4 3.3 1.0
73 5.1 3.5 1.4 0.2
80 5.0 3.3 1.4 0.2
81 5.8 4.0 1.2 0.2
85 5.4 3.4 1.5 0.4
88 4.6 3.4 1.4 0.3
92 5.0 3.6 1.4 0.2
96 5.0 2.3 3.3 1.0
97 5.1 3.8 1.9 0.4
104 4.7 3.2 1.6 0.2
105 4.9 3.1 1.5 0.2
116 5.5 4.2 1.4 0.2
121 5.3 3.7 1.5 0.2
123 5.4 3.4 1.7 0.2
131 4.6 3.2 1.4 0.2
132 5.4 3.7 1.5 0.2
142 4.4 3.0 1.3 0.2
147 5.0 3.4 1.6 0.4
27 4.6 3.1 1.5 0.2
35 4.4 3.2 1.3 0.2
44 4.8 3.4 1.9 0.2
51 5.1 3.8 1.5 0.3
55 5.2 3.4 1.4 0.2
61 5.1 3.3 1.7 0.5
65 5.1 3.5 1.4 0.3
68 5.1 3.8 1.6 0.2
75 5.2 3.5 1.5 0.2
89 4.9 3.0 1.4 0.2
91 5.2 4.1 1.5 0.1
99 5.1 3.7 1.5 0.4
100 5.0 3.5 1.6 0.6
102 5.0 3.0 1.6 0.2
108 4.8 3.0 1.4 0.1
109 5.4 3.9 1.3 0.4
122 4.6 3.6 1.0 0.2
133 4.8 3.0 1.4 0.3
145 5.1 3.4 1.5 0.2
148 4.4 2.9 1.4 0.2
149 4.9 3.1 1.5 0.1

