  1    6.3    2.8    5.1    1.5
  2    6.3    3.4    5.6    2.4
  3    5.4    3.9    1.7    0.4
  4    6.5    3.0    5.8    2.2
  5    6.2    2.2    4.5    1.5
  6    5.8    2.6    4.0    1.2
  7    4.8    3.4    1.6    0.2
  8    5.1    2.5    3.0    1.1
  9    5.9    3.2    4.8    1.8
 10    4.8    3.1    1.6    0.2
 11    4.7    3.2    1.3    0.2
 12    5.6    3.0    4.1    1.3
 13    6.7    2.5    5.8    1.8
 14    5.8    2.7    5.1    1.9
 15    6.7    3.0    5.2    2.3
 16    5.0    3.2    1.2    0.2
 17    6.1    2.8    4.0    1.3
 18    4.5    2.3    1.3    0.3
 19    6.1    3.0    4.9    1.8
 20    7.7    2.6    6.9    2.3
 21    6.4    2.8    5.6    2.1
 22    5.8    2.7    5.1    1.9
 23    6.0    2.2    5.0    1.5
 24    5.7    3.8    1.7    0.3
 25    6.4    3.2    4.5    1.5
 26    5.5    3.5    1.3    0.2
 27    4.6    3.1    1.5    0.2
 28    6.7    3.1    4.4    1.4
 29    5.9    3.0    5.1    1.8
 30    6.1    3.0    4.6    1.4
 31    6.5    3.2    5.1    2.0
 32    5.2    2.7    3.9    1.4
 33    7.2    3.0    5.8    1.6
 34    6.6    2.9    4.6    1.3
 35    4.4    3.2    1.3    0.2
 36    6.7    3.3    5.7    2.1
 37    6.8    3.2    5.9    2.3
 38    6.2    3.4    5.4    2.3
 39    5.6    2.9    3.6    1.3
 40    6.0    3.4    4.5    1.6
 41    4.9    3.6    1.4    0.1
 42    7.2    3.6    6.1    2.5
 43    4.3    3.0    1.1    0.1
 44    4.8    3.4    1.9    0.2
 45    6.2    2.9    4.3    1.3
 46    6.1    2.8    4.7    1.2
 47    5.7    2.9    4.2    1.3
 48    6.9    3.1    5.4    2.1
 49    6.4    3.1    5.5    1.8
 50    4.9    2.5    4.5    1.7
 51    5.1    3.8    1.5    0.3
 52    5.0    3.5    1.3    0.3
 53    7.7    3.0    6.1    2.3
 54    7.0    3.2    4.7    1.4
 55    5.2    3.4    1.4    0.2
 56    5.7    2.6    3.5    1.0
 57    6.0    2.2    4.0    1.0
 58    5.6    2.7    4.2    1.3
 59    6.3    3.3    6.0    2.5
 60    5.7    4.4    1.5    0.4
 61    5.1    3.3    1.7    0.5
 62    5.6    2.8    4.9    2.0
 63    5.0    3.4    1.5    0.2
 64    6.9    3.2    5.7    2.3
 65    5.1    3.5    1.4    0.3
 66    4.9    2.4    3.3    1.0
 67    6.3    2.5    5.0    1.9
 68    5.1    3.8    1.6    0.2
 69    6.0    3.0    4.8    1.8
 70    6.9    3.1    4.9    1.5
 71    6.0    2.9    4.5    1.5
 72    6.5    3.0    5.5    1.8
 73    5.1    3.5    1.4    0.2
 74    6.4    2.7    5.3    1.9
 75    5.2    3.5    1.5    0.2
 76    5.5    2.4    3.8    1.1
 77    5.5    2.4    3.7    1.0
 78    5.7    2.8    4.5    1.3
 79    7.1    3.0    5.9    2.1
 80    5.0    3.3    1.4    0.2
 81    5.8    4.0    1.2    0.2
 82    6.4    2.8    5.6    2.2
 83    5.8    2.7    4.1    1.0
 84    7.7    2.8    6.7    2.0
 85    5.4    3.4    1.5    0.4
 86    6.1    2.9    4.7    1.4
 87    6.1    2.6    5.6    1.4
 88    4.6    3.4    1.4    0.3
 89    4.9    3.0    1.4    0.2
 90    7.3    2.9    6.3    1.8
 91    5.2    4.1    1.5    0.1
 92    5.0    3.6    1.4    0.2
 93    6.3    3.3    4.7    1.6
 94    6.3    2.7    4.9    1.8
 95    6.3    2.3    4.4    1.3
 96    5.0    2.3    3.3    1.0
 97    5.1    3.8    1.9    0.4
 98    6.2    2.8    4.8    1.8
 99    5.1    3.7    1.5    0.4
100    5.0    3.5    1.6    0.6
101    7.9    3.8    6.4    2.0
102    5.0    3.0    1.6    0.2
103    6.7    3.0    5.0    1.7
104    4.7    3.2    1.6    0.2
105    4.9    3.1    1.5    0.2
106    6.4    2.9    4.3    1.3
107    7.7    3.8    6.7    2.2
108    4.8    3.0    1.4    0.1
109    5.4    3.9    1.3    0.4
110    5.8    2.7    3.9    1.2
111    5.5    2.3    4.0    1.3
112    6.5    3.0    5.2    2.0
113    7.2    3.2    6.0    1.8
114    5.7    2.5    5.0    2.0
115    5.7    2.8    4.1    1.3
116    5.5    4.2    1.4    0.2
117    6.7    3.1    5.6    2.4
118    6.7    3.3    5.7    2.5
119    5.8    2.8    5.1    2.4
120    6.8    3.0    5.5    2.1
121    5.3    3.7    1.5    0.2
122    4.6    3.6    1.0    0.2
123    5.4    3.4    1.7    0.2
124    6.3    2.9    5.6    1.8
125    5.4    3.0    4.5    1.5
126    7.6    3.0    6.6    2.1
127    5.0    2.0    3.5    1.0
128    5.6    3.0    4.5    1.5
129    6.9    3.1    5.1    2.3
130    6.4    3.2    5.3    2.3
131    4.6    3.2    1.4    0.2
132    5.4    3.7    1.5    0.2
133    4.8    3.0    1.4    0.3
134    6.5    2.8    4.6    1.5
135    6.0    2.7    5.1    1.6
136    5.9    3.0    4.2    1.5
137    6.8    2.8    4.8    1.4
138    5.6    2.5    3.9    1.1
139    7.4    2.8    6.1    1.9
140    6.7    3.1    4.7    1.5
141    5.5    2.6    4.4    1.2
142    4.4    3.0    1.3    0.2
143    6.3    2.5    4.9    1.5
144    6.6    3.0    4.4    1.4
145    5.1    3.4    1.5    0.2
146    5.7    3.0    4.2    1.2
147    5.0    3.4    1.6    0.4
148    4.4    2.9    1.4    0.2
149    4.9    3.1    1.5    0.1
150    5.5    2.5    4.0    1.3